PROV	COUNTY	TOWN	POP	CASES	DEATHS	MORT	FIRST_DAY	LAST_DAY	LAT	LONG	x	y
Ulster	Antrim	Antrim	2645	179	24	13.4	85	164	54.71363	-6.21428	679441.8428	6066487.162
Ulster	Antrim	Ballymena	5549	141	54	38.3	106	142	54.86538	-6.28038	674529.9789	6083199.727
Ulster	Antrim	Belfast	63625	2705	969	35.8	1	374	54.597285	-5.93012	698306.489	6054311.219
Ulster	Antrim	Carrickfergus	9379	0	0	0	0	0	54.71373	-5.80818	705591.7917	6067612.788
Ulster	Antrim	Larne	3345	0	0	0	0	0	54.8575	-5.80986	704755.502	6083597.572
Ulster	Antrim	Lisburn	7524	565	196	34.6	52	206	54.50972	-6.0374	691789.1556	6044274.506
Ulster	Armagh	Armagh	10245	154	73	4.74	86	150	54.34875	-6.65161	652632.689	6024867.226
Ulster	Armagh	Lurgan	4677	369	116	31.4	115	278	54.4648	-6.33602	672651.4913	6038504.743
Ulster	Armagh	Newry	13227	139	62	44.6	78	218	54.18006	-6.33393	673984.888	6006838.813
Ulster	Armagh	Portadown	2505	42	20	47.3	57	269	54.42193	-6.45129	665355.2063	6033459.506
Leinster	Carlow	Bagnalstown	2225	39	22	56.3	257	481	52.703111	-6.955868	638113.8456	5841205.181
Leinster	Carlow	Carlow	10409	333	167	50.1	226	290	52.718975	-6.85037	645188.3713	5843177.096
Leinster	Carlow	Tullow	3097	0	0	0	0	0	52.802547	-6.737152	652541.8236	5852705.85
Ulster	Cavan	Belturbet	2070	0	0	0	0	0	54.101906	-7.449668	601371.3372	5995970.961
Ulster	Cavan	Cavan	3749	0	0	0	0	0	53.990605	-7.362941	607328.1325	5983716.826
Ulster	Cavan	Cootehill	2425	0	0	0	0	0	54.07373	-7.075739	625904.0803	5993437.262
Munster	Clare	Ennis	9318	144	53	36.8	103	127	52.847425	-8.988738	500758.4587	5855298.095
Munster	Clare	Ennistymon	2089	138	73	52.9	119	174	52.940372	-9.293495	480276.3398	5865677.751
Munster	Clare	Killaloe	2783	33	23	69.7	107	151	52.808886	-8.447515	537240.832	5851154.051
Munster	Clare	Kilrush	5071	263	113	42.9	96	160	52.6407	-9.485937	467118.6139	5832413.413
Munster	Cork	Bandon	8275	361	159	44	163	271	51.746124	-8.731817	518514.8598	5732836.041
Munster	Cork	Bantry	4082	185	82	54.3	175	263	51.680892	-9.448603	468984.7366	5725642.342
Munster	Cork	Charleville	4287	40	19	47.5	103	149	52.354908	-8.683177	521577.6204	5800560.523
Munster	Cork	Clonakilty	3993	0	0	0	0	0	51.621506	-8.8887	507705.076	5718948.261
Munster	Cork	Cloyne	2200	32	16	50	173	198	51.863097	-8.121237	560510.8538	5746176.644
Munster	Cork	Cork	106055	3176	1329	41.8	89	288	51.896892	-8.486316	535345.5363	5749695.03
Munster	Cork	Cove	5142	301	115	38.2	156	204	51.850336	-8.294286	548608.7594	5744627.789
Munster	Cork	Doneraile	2722	13	10	77	131	156	52.215173	-8.585977	528286.3665	5785051.576
Munster	Cork	Dunmanway	3086	0	0	0	0	0	51.722257	-9.111809	492276.8404	5730153.494
Munster	Cork	Fermoy	6379	0	0	0	0	0	52.139361	-8.275561	549578.2238	5776785.984
Munster	Cork	Kanturk	4388	2	1	50	0	0	52.177255	-8.905167	506484.5914	5780757.555
Munster	Cork	Kinsale	6918	825	447	54.1	148	202	51.70605	-8.522501	532994.7503	5728452.985
Munster	Cork	Macroom	4794	77	42	54.5	129	179	51.904804	-8.958848	502831.0958	5750451.129
Munster	Cork	Mallow	6851	287	144	50.1	134	195	52.138976	-8.653916	523685.1752	5776552.178
Munster	Cork	Midleton	4591	285	146	51.2	124	362	51.913713	-8.172236	556935.1716	5751764.916
Munster	Cork	Millstreet	2162	0	0	0	0	0	52.060132	-9.064712	495563.4411	5767728.275
Munster	Cork	Mitchelstown	4181	1	0	0	147	149	52.266213	-8.269886	549824.5219	5790898.921
Munster	Cork	Skibbereen	4715	112	48	42.8	164	187	51.555924	-9.26213	481827.13	5711681.25
Munster	Cork	Youghal	9939	149	90	60.4	150	195	51.95427	-7.847171	579221.677	5756579.699
Ulster	Donegal	Ballyshannon	3513	0	0	0	0	0	54.502988	-8.192042	552320.2165	6039787.045
Ulster	Donegal	Letterkenny	2161	0	0	0	0	0	54.955839	-7.734279	581052.9753	6090610.263
Ulster	Down	Banbridge	3324	0	0	0	0	0	54.34897	-6.26978	677443.0343	6025785.811
Ulster	Down	Bangor	3116	29	19	65.5	93	306	54.643046	-5.644264	716522.1179	6060244.83
Ulster	Down	Donaghadee	3151	63	30	47.6	41	280	54.6427	-5.53848	723346.812	6060537.782
Ulster	Down	Downpatrick	4866	136	72	52.9	240	289	54.32882	-5.71573	713544.8645	6025081.656
Ulster	Down	Dromore	2110	5	3	60	193	208	54.41551	-6.14705	685117.6426	6033502.571
Ulster	Down	Newtownards	7621	115	34	29.5	79	113	54.59758	-5.68609	714063.0914	6055060.323
Ulster	Down	Portaferry	2107	0	0	0	0	0	54.38419	-5.54102	724597.8398	6031782.388
Ulster	Down	Rathfriland	2183	0	0	0	0	0	54.23792	-6.1622	684930.2528	6013710.767
Leinster	Dublin	Balbriggan	2929	111	22	19.8	265	319	53.608319	-6.18208	686420.7327	5943635.994
Leinster	Dublin	Blackrock	2372	51	18	35.3	167	331	53.300791	-6.177067	688107.1247	5909448.633
Leinster	Dublin	Bray	3169	176	68	38.6	276	329	53.200903	-6.111074	692952.6985	5898516.304
Leinster	Dublin	Dublin	238531	3813	1664	43.6	58	349	53.349805	-6.26031	682352.2172	5914683.537
Leinster	Dublin	Kingstown	7229	88	37	42	152	303	53.29279	-6.141937	690483.0877	5908651.962
Leinster	Dublin	Ranelagh	2290	0	0	0	0	0	53.326844	-6.257085	682664.9613	5912138.252
Leinster	Dublin	Rathmines	2429	2	1	50	283	298	53.321882	-6.265505	682125.4908	5911564.911
Leinster	Dublin	Skerries	2417	126	45	35.7	252	315	53.580552	-6.107878	691453.9396	5940745.015
Ulster	Fermanagh	Enniskillen	5686	0	0	0	0	0	54.34363	-7.63093	588998.4965	6022619.229
Connaught	Galway	Ballinasloe	4934	1377	756	54.9	141	259	53.328762	-8.226947	551484.4866	5909122.192
Connaught	Galway	Galway	32511	897	426	47.4	128	177	53.270559	-9.056668	496220.8059	5902370.172
Connaught	Galway	Gort	3056	1044	403	38.6	114	233	53.066643	-8.818749	512145.0784	5879699.409
Connaught	Galway	Loughrea	5458	647	290	44.8	144	178	53.198914	-8.566093	528985.5743	5894486.326
Connaught	Galway	Tuam	6034	487	224	46	139	194	53.517988	-8.855627	509572.5666	5929904.64
Munster	Kerry	Dingle	3386	86	37	43	156	176	52.138761	-10.270536	413048.7063	5777232.979
Munster	Kerry	Killarney	7127	116	65	56	128	215	52.059935	-9.504427	465417.1862	5767824.448
Munster	Kerry	Listowel	2598	26	13	50	143	171	52.446049	-9.485365	467011.7185	5810761.712
Munster	Kerry	Tralee	11363	395	249	63	124	203	52.27131	-9.699932	452240.613	5791445.511
Leinster	Kildare	Athy	4698	27	11	40.8	204	300	52.991834	-6.985728	635196.3962	5873260.188
Leinster	Kildare	Maynooth	2129	141	47	33.3	186	304	53.38129	-6.59185	660170.9148	5917389.577
Leinster	Kildare	Naas	3571	0	0	0	0	0	53.220565	-6.659308	656270.734	5899364.294
Leinster	Kilkenny	Craiguenamanagh	2248	11	10	91	226	357	52.544508	-6.954861	638682.4288	5823567.911
Leinster	Kilkenny	Freshford	2075	88	31	35.2	82	573	52.732505	-7.396855	608247.6541	5843719.905
Leinster	Kilkenny	Kilkenny	23625	1046	529	50.5	65	329	52.654145	-7.244788	618727.144	5835244.066
Leinster	Kilkenny	Thomastown	2348	14	7	50	65	89	52.527082	-7.138821	626259.1456	5821292.162
Leinster	King's	Banagher	2827	62	20	32.2	158	191	53.186464	-7.995351	567130.5694	5893484.644
Leinster	King's	Parsonstown	6336	604	263	43.5	158	232	53.098005	-7.909688	573004.2214	5883728.356
Leinster	King's	Portarlington	3106	0	0	0	0	0	53.161211	-7.187757	621161.1449	5891737.923
Leinster	King's	Tullamore	6343	175	114	65.1	173	252	53.275526	-7.493385	600461.3612	5903980.019
Munster	Limerick	Limerick	65296	1500	746	49.7	85	278	52.66802	-8.630498	524987.1545	5835405.593
Munster	Limerick	Newcastle	2917	145	38	26.4	107	145	52.44875	-9.054582	496290.4995	5810952.775
Munster	Limerick	Rathkeale	4201	409	182	44.5	113	149	52.523807	-8.937097	504267.7416	5819301.979
Ulster	Londonderry	Coleraine	6255	3	1	33.3	7	142	55.12529	-6.66842	648668.4519	6111215.952
Ulster	Londonderry	Londonderry	15150	58	14	24.1	38	108	54.996612	-7.308575	608201.7261	6095722.786
Ulster	Londonderry	Newtownlimavady	3101	2	2	100	212	216	55.05222	-6.94035	631571.891	6102541.191
Leinster	Longford	Granard	2408	0	0	0	0	0	53.779271	-7.491778	599382.0649	5960019.061
Leinster	Longford	Longford	4966	240	145	60.4	161	261	53.723565	-7.720881	584398.0758	5953525.621
Leinster	Louth	Ardee	3679	120	20	16.6	129	311	53.857623	-6.540001	661786.4456	5970486.412
Leinster	Louth	Drogheda	19260	214	72	33.6	89	175	53.717856	-6.356099	674457.7559	5955376.64
Leinster	Louth	Dundalk	10782	224	73	32.5	161	233	53.997945	-6.405957	670028.7894	5986407.743
Connaught	Mayo	Ballina	7012	728	232	31.8	233	303	54.114948	-9.155069	489863.3252	5996322.068
Connaught	Mayo	Ballinrobe	2678	110	57	51.8	118	167	53.623734	-9.221114	485375.7024	5941682.166
Connaught	Mayo	Castlebar	5137	148	58	39.1	165	259	53.855001	-9.287926	481061.0799	5967427.627
Connaught	Mayo	Clare	2256	0	0	0	0	0	53.719591	-8.990909	500599.9085	5952323.993
Connaught	Mayo	Westport	4365	90	40	44.4	153	217	53.802131	-9.514347	466125.244	5961629.728
Leinster	Meath	Kells	4205	330	156	47.2	203	256	53.726835	-6.874833	640204.498	5955226.573
Leinster	Meath	Navan	5628	38	16	42.1	120	242	53.655429	-6.6867	652872.8813	5947671.963
Leinster	Meath	Trim	2269	6	5	83.3	233	287	53.554826	-6.791115	646321.1512	5936262.609
Ulster	Monaghan	Castleblayney	2134	0	0	0	0	0	54.120659	-6.739737	647718.4587	5999307.708
Ulster	Monaghan	Clones	2877	0	0	0	0	0	54.179683	-7.230667	615473.1749	6004959.486
Ulster	Monaghan	Monaghan	4130	130	59	45.3	69	145	54.249205	-6.968313	632370.6918	6013153.915
Leinster	Queen's	Maryborough	3633	0	0	0	0	0	53.032812	-7.298793	614077.4355	5877273.906
Leinster	Queen's	Mountmellick	4755	5	3	60	205	236	53.118148	-7.326738	611982.0169	5886721.732
Leinster	Queen's	Mountrath	3000	8	1	12.5	179	270	53.00256	-7.47514	602324.547	5873642.895
Connaught	Roscommon	Athlone	6393	342	185	54	151	281	53.423933	-7.94069	570391.2404	5919953.858
Connaught	Roscommon	Boyle	3234	14	8	57.1	291	312	53.972208	-8.297276	546093.5585	5980658.123
Connaught	Roscommon	Roscommon	3349	116	68	58.6	66	293	53.627591	-8.189096	553627.1419	5942394.118
Connaught	Sligo	Sligo	14318	392	196	50	247	309	54.27661	-8.476089	534113.9046	6014424.759
Munster	Tipperary	Caher	3668	116	65	56	103	177	52.37453	-7.925247	573163.9608	5803239.35
Munster	Tipperary	Carriel-on-suir	11049	266	126	47.3	125	307	52.34765	-7.418971	607692.2474	5800882.498
Munster	Tipperary	Cashel	8027	0	0	0	0	0	52.516757	-7.887675	575478.0981	5819097.346
Munster	Tipperary	Clogheen	2049	108	56	51.8	125	171	52.277079	-7.995103	568559.1128	5792332.03
Munster	Tipperary	Clonmel	13505	440	184	41.8	110	221	52.355817	-7.690255	589198.1143	5801421.719
Munster	Tipperary	Fethard	3915	10	9	90	115	128	52.470977	-7.696789	588522.2444	5814222.164
Munster	Tipperary	Nenagh	8618	400	240	60	109	156	52.864297	-8.197556	554020.5339	5857476.443
Munster	Tipperary	Roscrea	5275	90	39	48.3	148	152	52.955179	-7.79847	580716.9874	5867960.144
Munster	Tipperary	Templemore	3685	83	35	42.1	146	235	52.794802	-7.839861	578224.5501	5850075.148
Munster	Tipperary	Thurles	7523	489	259	52.9	135	554	52.680106	-7.804442	580824.5481	5837356.577
Munster	Tipperary	Tipperary	7370	176	80	45.4	108	357	52.473789	-8.161851	556929.4348	5814066.745
Ulster	Tyrone	Cookstown	3006	0	0	0	0	0	54.64102	-6.74429	645567.4601	6057183.086
Ulster	Tyrone	Dungannon	3801	0	0	0	0	0	54.50425	-6.76536	644691.762	6041924.86
Ulster	Tyrone	Omagh	2947	0	0	0	0	0	54.59657	-7.30691	609383.2177	6051217.097
Ulster	Tyrone	Strabane	4704	0	0	0	0	0	54.827269	-7.463579	598700.3887	6076652.207
Munster	Waterford	Cappoquin	2341	17	8	47	143	283	52.146427	-7.851625	578577.7934	5777946.248
Munster	Waterford	Dungarvan	12382	723	344	47.4	147	282	52.093676	-7.620363	594512.778	5772355.102
Munster	Waterford	Lismore	3007	91	53	58.2	150	240	52.135818	-7.93768	572706.9099	5776676.603
Munster	Waterford	Portlaw	3647	72	13	18	161	261	52.288199	-7.314441	614965.8208	5794431.28
Munster	Waterford	Tallow	2969	35	19	54.2	147	267	52.092141	-8.00703	568027.0549	5771751.593
Munster	Waterford	Waterford	29288	522	294	56.3	133	278	52.25227	-7.127206	627838.6866	5790749.296
Leinster	Westmeath	Moate	2095	0	0	0	0	0	53.394999	-7.718619	585205.0338	5916977.287
Leinster	Westmeath	Mullingar	4569	190	109	57.3	126	180	53.525933	-7.338138	610163.6799	5932063.7
Leinster	Wexford	Enniscorthy	7016	339	139	41	260	477	52.502197	-6.56613	665197.4986	5819680.849
Leinster	Wexford	Gorey	3365	298	121	40.6	145	464	52.675735	-6.294302	682919.9112	5839635.399
Leinster	Wexford	New_Ross	7543	180	96	53.3	75	389	52.396204	-6.94719	639671.3786	5807089.291
Leinster	Wexford	Wexford	11252	188	76	40.4	275	468	52.336916	-6.463338	672818.5905	5801541.331
Leinster	Wicklow	Arklow	3254	0	0	0	0	0	52.797693	-6.159929	691466.8872	5853546.987
Leinster	Wicklow	Wicklow	2794	0	0	0	0	0	52.980821	-6.044589	698402.4533	5874224.152
