9545446.97515735 -1490238.44095449 0
9577018.27049587 -1512473.35125617 0
9531181.00877782 -1418644.73405547 0
9562705.64036056 -1394812.15673902 0
9595459.38927431 -1401140.40827974 0
9506846.21875159 -1440079.06257748 0
9443601.11323516 -1575677.60901869 0
9483838.3151526 -1507742.19435893 0
9420014.36699217 -1494825.57898776 0
9469079.59735282 -1532614.86895413 0
9069509.78202943 -1570708.28192141 0
9077495.99342501 -1548150.70176336 0
9100324.72038338 -1526722.82934168 0
9350402.94618854 -1746703.39100461 0
9330212.97075512 -1721477.17544994 0
9362527.40952661 -1660178.54163662 0
8998777.50841027 -2020937.74222506 0
9000909.7939183 -2091801.67363445 0
9020056.51317726 -1901844.07202278 0
8927368.65174349 -2115749.97079323 0
8784113.11714553 -1907587.35529003 0
8732698.62853473 -2054117.21625922 0
8912469.42685725 -1928773.44972842 0
8750511.6567092 -1934118.53742976 0
8838675.74309726 -1784254.26669472 0
8827643.7859272 -1863390.23332623 0
8827590.07394778 -1820379.77942212 0
8888488.45938981 -1900755.98155599 0
8759346.50485532 -1986069.99599245 0
8888507.02450845 -1830654.5375242 0
8863822.50144977 -1966666.12196543 0
8786500.2904533 -1861493.47402109 0
8804837.27713697 -1963601.14847181 0
8869149.29249372 -1911290.57506953 0
8846698.61193845 -1797546.04509582 0
8831094.55257918 -1994177.22636229 0
8915250.1755002 -1835760.04348388 0
8717471.3182031 -2008595.26312789 0
8870702.27180809 -1730157.25562724 0
9399344.86700042 -1936782.81094527 0
9525361.36861861 -1856613.82691365 0
9460667.5893379 -1487301.14803171 0
9553227.36448099 -1353359.62136185 0
9557321.33657949 -1328432.54146298 0
9479100.540821 -1357615.17775442 0
9480921.81958116 -1461647.41076499 0
9541207.32378268 -1361381.37438351 0
9498456.14366535 -1318982.80529435 0
9440335.45492309 -1457615.64921345 0
9299331.90143879 -1435924.57349553 0
9231857.34735209 -1422272.63241155 0
9212618.34922055 -1403403.87413891 0
9239220.68627364 -1443045.95068078 0
9231516.37611723 -1414026.53254883 0
9234317.96815513 -1441378.52836376 0
9232885.70952 -1443074.27354202 0
9296225.05055882 -1417914.73881075 0
9394505.25772199 -1800323.35659294 0
9142251.6089033 -1880928.97368463 0
9084035.9725474 -2059483.96737798 0
9054386.45198973 -1996296.49489968 0
9096325.12697634 -1948462.46723174 0
9148128.76520877 -2029626.03280172 0
8777999.12733975 -2251296.52337612 0
8806785.80956926 -2086710.97565138 0
8887160.98140367 -2104482.86331055 0
8838855.44342463 -2139772.20556607 0
9130286.86566367 -1590037.05788647 0
9232177.31623653 -1519091.48301961 0
9194190.30868198 -1527311.00033938 0
9035618.46125632 -1563591.59265366 0
9055920.43913311 -1668924.7254997 0
9046170.05304816 -1632002.38101726 0
9023829.54483153 -1603112.82951309 0
9123811.29172834 -1822524.85554278 0
9109221.41922265 -1799194.76843368 0
9157692.83201772 -1642573.35460602 0
9167938.3944416 -1715887.91012168 0
8980709.2407016 -1933981.3200057 0
8911952.89989384 -2013080.39180103 0
8934004.44635181 -1992082.73986178 0
9618308.82408682 -1615941.03387511 0
9557175.01687078 -1759773.04856165 0
9588429.3526517 -1676399.20859865 0
9277474.20179483 -1740149.97364249 0
9253795.74503747 -1788835.40352417 0
9339265.7310318 -1528047.55472289 0
9316276.89166398 -1480099.89911021 0
9376262.64985476 -1503502.4823233 0
9258461.82581004 -2130711.64960182 0
9149327.22406993 -2115928.00462231 0
9194618.26954094 -2144409.98275576 0
9183377.92973967 -2070973.00523746 0
9169467.53962786 -2190920.86338821 0
9295401.49844126 -1598312.92117729 0
9288166.63891469 -1552485.36620444 0
9261422.63414681 -1571616.54968463 0
9388674.06090916 -1585521.63054941 0
9378470.40084182 -1700665.90553133 0
9406590.00459047 -1643956.84301454 0
9124845.74563824 -1661253.47170416 0
9141920.83342787 -1671423.59365607 0
9110044.18280897 -1698795.27837628 0
9177637.40867558 -1822571.65603778 0
9277306.69981902 -1931149.65462642 0
9208534.65442842 -1888373.61570013 0
9333583.60398926 -1988325.56093816 0
8954974.89299499 -1766941.62416963 0
8973138.43360289 -1656092.64318394 0
8986772.92135504 -1765703.90788937 0
8931113.52388292 -1777277.58392919 0
8962280.98262868 -1715258.32737453 0
8986283.38820674 -1722106.93576337 0
9044791.0899296 -1850377.55123965 0
9084236.19844318 -1767659.63923597 0
9048023.56019096 -1768853.6845284 0
9025395.41520962 -1755536.52235384 0
8964167.74775016 -1822891.72261958 0
9504919.80755343 -1610731.35423357 0
9473178.43456675 -1609196.03992173 0
9467409.13574487 -1738925.31749427 0
9510991.34576914 -1787019.8578048 0
8910641.58243265 -1740167.2450149 0
8910417.86974106 -1687992.14071642 0
8904309.67841304 -1758136.54700283 0
8965294.32197823 -1630730.72725406 0
8891844.85420661 -1770905.93322673 0
8965980.95525004 -1588503.30202647 0
9182662.29026589 -1771799.35096367 0
9229718.68175837 -1693290.20640103 0
9042958.89124244 -1476452.70852533 0
9091231.46180924 -1423456.86633069 0
9004331.96702892 -1555521.72702185 0
9011764.15468245 -1447200.55752742 0
9122895.35432695 -1398432.8052731 0
9167175.75452759 -1379832.03314654 0
